lat: 32.938358
lon: -106.912406
